ncols         159 
nrows         10 
xllcorner     9.8 
yllcorner     46.8
cellsize      25
NODATA_value -9999
70 60 50 50 50 50 50 50 40 40 50 40 40 50 50 40 40 40 40 50 60 50 50 50 50 50 50 50 60 50 50 40 50 60 70 70 70 60 50 30 30 60 70 70 60 50 50 50 50 50 50 50 50 40 40 30 40 40 50 0 300 300 300 310 320 290 270 270 260 260 250 240 240 240 240 240 250 270 270 270 280 280 280 280 280 270 270 280 260 240 240 230 230 230 220 220 220 230 240 240 230 230 230 230 220 220 220 230 220 210 220 220 220 220 220 230 220 220 220 220 220 220 230 240 240 250 250 240 230 230 220 220 220 230 230 230 240 250 250 250 250 250 240 240 240 230 220 220 220 230 240 240 230 230 210 210 220 230 230
50 50 40 40 40 50 50 50 50 40 40 40 40 50 50 40 40 40 50 50 50 50 40 50 50 40 40 50 50 50 60 70 80 70 70 60 50 40 40 40 50 70 70 70 60 50 50 50 50 50 50 50 40 40 40 40 40 50 50 10 300 290 290 300 330 310 280 280 270 280 290 260 250 250 240 240 250 250 250 260 270 280 290 280 280 280 280 270 250 240 240 230 230 230 230 220 220 230 240 240 230 230 230 220 220 220 220 220 220 210 220 230 230 230 230 220 220 220 230 220 220 220 230 230 240 250 250 240 230 230 240 240 240 240 240 240 250 250 250 250 240 240 240 250 250 240 230 220 240 250 250 250 240 240 230 230 230 230 230
50 40 40 30 30 40 50 60 50 40 40 40 40 40 40 40 40 40 50 50 40 30 40 50 40 30 30 50 60 60 70 70 70 50 40 50 50 40 40 50 60 60 60 60 50 50 50 50 50 50 50 50 40 40 40 40 50 60 50 40 310 270 270 270 260 260 260 270 270 280 310 300 280 260 260 260 250 240 240 250 250 260 260 270 270 280 270 250 230 240 230 230 230 230 230 220 230 240 240 230 230 220 230 220 220 220 220 220 220 220 230 240 240 240 240 230 230 230 230 220 220 230 230 230 240 240 240 240 250 250 250 260 260 260 250 250 260 260 260 250 230 240 250 260 260 240 240 260 260 260 250 250 250 250 250 240 240 240 240
40 40 40 30 30 50 60 60 50 40 30 40 40 40 40 40 40 40 50 40 30 30 40 40 40 40 40 60 60 60 60 50 30 30 40 50 50 40 40 50 50 50 50 50 50 40 40 40 40 40 40 50 50 50 50 50 50 50 50 50 40 240 230 220 210 240 270 270 270 280 310 310 290 270 270 260 250 240 240 250 250 250 240 250 250 250 230 210 220 230 240 240 240 230 230 230 240 240 230 230 220 220 220 220 220 220 220 220 220 230 250 250 250 240 240 240 230 230 230 230 240 250 250 240 250 250 250 250 250 260 260 260 260 260 260 270 270 270 270 260 250 260 260 260 260 250 260 270 270 260 250 250 250 260 260 260 250 250 250
40 40 40 30 40 50 50 50 40 40 40 40 50 50 40 40 40 40 50 40 30 40 50 50 50 50 50 60 60 60 50 40 30 40 50 40 40 40 40 50 50 50 50 50 40 30 30 30 40 40 40 50 50 50 50 50 50 40 40 50 50 220 220 230 230 260 270 280 270 270 300 310 310 290 270 260 250 250 250 250 250 240 240 240 230 220 210 210 230 240 240 240 240 240 240 240 230 230 220 220 220 220 230 230 230 230 230 230 240 250 250 240 240 230 230 230 240 240 240 240 250 250 250 250 250 250 250 250 250 260 250 250 250 250 270 280 290 280 260 270 280 280 260 260 250 250 260 270 260 250 250 250 250 260 270 280 270 270 270
40 40 30 30 30 40 50 40 40 40 40 40 50 50 50 40 40 50 50 50 40 50 50 50 50 50 50 60 60 50 50 40 40 40 40 30 40 50 50 60 60 50 50 40 40 40 40 40 40 40 50 50 50 50 50 50 50 40 50 50 50 40 280 250 270 280 270 270 270 270 280 300 310 300 280 250 240 240 230 240 240 240 240 230 220 220 230 230 230 240 240 240 240 240 240 230 230 230 230 230 230 240 250 250 250 260 260 260 250 250 240 230 230 230 230 240 240 240 250 250 250 250 240 240 250 250 250 250 240 250 240 250 250 260 260 270 280 280 260 270 270 270 260 240 240 250 260 260 250 240 230 250 270 290 290 300 290 280 270
40 40 30 30 30 40 40 40 40 30 30 30 40 50 50 50 60 60 60 50 50 50 50 60 60 60 50 50 50 50 40 40 40 40 30 40 60 60 60 60 60 50 50 50 50 50 50 50 50 60 60 60 50 50 50 50 50 50 50 50 50 50 50 270 270 290 280 270 260 260 270 290 300 310 300 270 240 230 220 230 240 240 250 240 240 240 250 240 230 240 240 240 250 250 250 250 250 250 260 260 260 270 270 270 270 270 260 250 240 240 230 240 240 240 240 240 240 240 240 250 250 250 250 250 250 250 250 240 240 240 240 240 250 260 270 270 270 260 260 260 250 240 250 250 250 260 260 250 230 220 240 260 280 290 280 280 280 280 270
40 40 30 30 40 40 50 40 40 30 30 30 50 50 50 60 60 60 60 60 60 60 60 60 60 60 60 60 50 50 40 40 40 40 40 50 60 60 60 70 60 60 60 60 60 60 60 70 80 90 80 70 60 60 50 60 60 50 50 50 50 50 60 270 260 270 280 280 260 250 260 280 300 320 320 300 250 230 230 240 250 260 260 270 270 260 250 240 240 250 230 230 250 270 280 280 280 280 280 270 270 270 260 250 250 240 230 230 230 240 240 250 250 250 250 250 240 240 250 250 260 260 260 260 250 250 250 250 250 250 240 250 260 270 270 270 270 260 250 240 230 230 250 270 280 270 270 260 240 250 270 270 260 250 230 250 260 270 270
40 30 40 30 40 40 40 40 30 30 30 40 50 60 60 60 60 70 60 60 60 60 60 60 60 60 50 50 50 50 50 50 50 50 50 60 50 60 60 70 70 70 70 70 80 80 90 90 80 80 70 60 60 60 60 60 60 60 60 60 60 60 70 280 250 260 280 290 250 250 260 270 280 300 330 310 230 230 230 240 240 250 250 250 250 240 240 230 240 230 220 230 260 270 280 280 280 270 260 260 260 250 240 240 230 230 230 240 250 250 260 260 260 250 250 250 240 250 250 260 260 270 260 260 260 260 260 260 260 270 270 270 270 270 260 260 270 280 250 240 240 240 250 260 260 280 290 300 310 300 290 270 250 230 230 250 260 260 260
30 40 40 30 40 40 40 30 40 40 40 50 60 60 60 60 60 60 70 70 60 60 60 60 60 60 60 50 50 50 50 50 50 50 60 60 60 70 70 70 70 80 80 80 70 70 70 50 40 40 40 50 60 60 60 70 70 70 70 70 70 70 70 70 250 250 270 40 260 260 250 240 240 240 190 180 200 220 230 240 240 240 240 240 230 230 220 220 220 220 220 250 260 260 260 250 240 230 230 250 250 250 240 230 230 240 250 260 260 260 260 260 260 250 250 250 250 250 260 260 270 270 260 260 260 260 270 270 270 270 280 280 280 280 270 260 260 250 260 260 260 250 240 240 250 280 290 310 320 300 290 270 250 250 260 270 270 270 260
